100011001001000111
100100100111010101
101000000111010010
101000110110100100
010110111110101101
001000001010100100
010010010101001011
111000000100001100
100000000010101001
111101100000111010
001010101010001011
010110011011001101
111101001001000011
000010110101111110
011101010110000111
101000001110010001
110000110011010101
001111011010011101
110111010011010101
101111001010010101
000101101001100111
001010110010000001
010010001100100110
101100111111101001
100010111100011110
011100110111100001
101001111001010101
111000010100011110
100011100000010000
011110100100101100
110001001011011001
010100011111010010
101000001110100011
011000000111011011
011100101111111011
011001010011011000
010111101000010000
111100110001110001
100011101110111110
110110111111000111
101101011000110111
001110111010100001
100101100011000001
100001101010001110
011010111011111001
111000110000100101
011011010001101000
110110110011100101
010010010000010101
111011001100100001
101010111101001111
000011000110110011
010000101111010100
011010100011000101
000101001010100100
110010010100100100
000111000011011101
011110011011001011
110000011011110001
100111011011001001
110000010110010000
011100010001011111
110100100010000000
100010110101011001
010000111100110111
100101101001101100
101000110110100011
101110110111011101
011101101011001010
110000001111011111
010100111100001110
111111001011010000
110010000110001100
110001010010000010
101110111000100100
100011111011011001
000101010011010010
000001010110011110
001100001111111100
010110100111100101
100010010100011010
001100000110110010
010000111100000011
001000110100111111
010101101010010010
110101011111101101
001100110000101100
010110100001101100
000100001010110101
010111010010010010
000000100100101001
110010101010111111
010000111110001111
011111011101001001
000000011110001101
101110111100110000
000110110001011110
010010101111000011
001100110001101110
110001000110001010
001111111111100001
110010000101010001
001010011111010010
101000001100111001
011110010010001010
000100111110111110
111000101100111001
000111011010000101
011101100110000010
011000001100111010
010100010110001011
001100110111000001
111110101111000110
111001101010111001
110100001110101111
010100001000100111
010000101110010011
101100000111110110
011111101101111110
000011110110011000
111010110100101110
100010100011000010
000000001010111001
001111011101111101
001101101010101010
110110100101111110
011101101011100010
111010110100100011
001010111110110101
001111010111100110
100010110101001011
101101100111101111
111111101011000011
001101111100111010
001001111101110001
100100001100000001
001001101100100111
100001100011010100
111000110100001110
011110110110111010
011100010100100010
111000000110000100
111001000101110101
011010100000001111
111001100010100001
010010111000000011
101011011100100111
010000111111000101
110101111111100000
000100010000100010
010011010111101011
001010011101001000
101010100001000110
101110000011110111
111010110100110101
000111011000111110
110000101000101110
011100101110000100
000010100011001000
000010011010111011
110001011100101010
101110110011111001
011010100001010100
111111000001001110
010101100111010100
111001111111101110
010011010010101101
100100000110101001
111001111010001000
111111101111010100
101011100000111011
000110111001010101
100110010010001110
111000111011000111
001100011111000010
010111000111110000
011010000001111111
111100000101111011
110100011011000011
000001100111010100
111001101000001101
100010100101111011
101001001100100010
001000000000001101
001101001011100000
011010101000000000
111101001011111111
011001010110101011
110110001011011111
011110000011111011
001110011000011011
011100101000111110
110000010000000111
000101001111100111
010111011101110101
111100000011101000
001010011011100000
011001010000010001
001110100101110111
010010101000001001
111101000000110010
110010011100011101
000101000100111110
110001101100100111
001010111000010010
011111010001110110
100101001101100100
111100100101100001
010001101010101110
110111011101111100
001100100100000010
100111010110111101
111101100100010110
011000101000000010
000101100111110011
000000010011100011
000110100011001110
001010000011011100
011010010010100001
110100011011110000
010010000001110110
111001111000011111
001101100011110100
101101010111110001
111100010100101110
111001101111000101
100100000010000001
101100110101010000
010100000100010010
111010000100100010
100111001011100001
111100001111001101
010100111101111000
100001001011110100
010010111001101110
110000100001100100
000110011111100111
000001111011111000
101000001101011001
110001001111010101
000011001110011010
011110111011010110
101001001000110001
100011010001001110
010001110110000110
000100111101110100
100110111101111010
111011010111001000
111101011100011110
101010010111111100
001101010011000110
011111100110001111
111010010000100110
110011011100001101
110100101010100001
100010000001011011
010100001111010000
110100101010101011
010110110011101010
010001010110111000
101111000000111111
111101101011101110
111001111110011110
111011101010000001
000101100101001101
000011101111101110
111101011000000010
100100110010110101
000011111110000111
001010110010101010
010011101000001010
001010000110011011
010110011101001110
100001000100110000
110100011111100010
100100100011101111
011010100011000110
000100010111100011
110011001110111010
100110010001011100
011011101110110010
100000100000001011
110100000101110000
111001000110010100
101111001110111101
110100010111110011
011000000100010100
100010111100000110
100010010010010111
000010101011011000
000110100101110001
001000111110111000
111000111111110110
110010001100000110
101110011000110110
101001001000011011
101000111110000111
110110000011010111
010100001100111111
101010000001010111
011010011010110111
110001101111010101
101100110011010010
111111110101100011
000000000101010011
110100000111100110
111100100110111110
101110001100111111
010101101101011110
101111111101000100
011001011001111101
111110110000101001
101101001100000011
000111101111101110
101001000011110111
010011001001001010
011000011001100110
100011101101010111
011101111101111100
011010101110101101
101000000101100010
011011001101001111
000110111100010001
100110000001100010
010010010010000010
011010011101000100
111110111101011000
011010010111001001
001110001000111000
111111001100101111
010010110001011111
001001101001111011
010010010110101110
111101101111001000
000000000111110101
000110100111110110
011001101101011101
000110101110000110
001011101001100000
011001010000011010
100010011111010110
111010011001110001
101011110100000111
100010000010110110
100100010111011010
001100100000100000
011011100101010111
001110100100111110
011000100111010011
101001000000000100
010011100011001011
001011100110100111
011010110011110001
001011101110101101
010011000110010100
010000011001000110
000010111001010110
101000111010110011
000100100001011111
000001101010010110
100001110011000100
010100001010100010
000100001000100101
111101010101111100
011000011101010110
000111010011000111
000000000001010001
011111110101110010
010000100000100100
001111010001111010
001010101000101010
110100010101111011
101010010001000111
000010110000111011
110011010010000000
111100111010111111
011000101000111110
100011101011110100
100110010000101100
000010110101110000
101111000000110111
111000010010001001
001100011110011010
010010010010111010
011001010001011110
101000110110111101
001011000000100111
011111011010100010
111101000011001001
001000110100010101
111101001011001000
100010111010010101
100101001000001110
101100000001010001
010111111000010110
110000000110001110
011001110101001110
100001110000111110
000100011110000111
010001001000001011
011010100110110000
001011000111110000
100010111000110001
011001011101111110
010010100001000111
101011001111001000
111111100011100100
110000001001100100
010111001000011110
000010000011110101
110011101011000010
010100001101100001
110100100101000011
001001001100100011
111010100000101011
011011101010110001
110010001000000001
010101010110111101
011111110011001011
010101110001001010
110101100111100110
100000111100010100
110110100000001101
010011111100100001
010000000111110000
111100000000011001
000110010101001101
111011111001110000
111000100111010110
011001010110001011
100001111110101100
011001111010000101
011000000111010110
000111000101001111
001111000011011100
001010000101001001
110000011001101110
011110110011110001
110010101011111001
100000101111001111
101010001111010011
100011011011000000
000010100101000001
001100010010011100
111001011100011101
000001111101110001
111000011111011100
100100011101001110
100001000010010110
000011011001101111
001010001100100000
110011110111001010
101011001001011010
110010010000011011
001010111001001100
001010001001000100
010111011010011001
100000111101010100
110100100001101111
000000010010010011
001110111101001110
001100010111011101
000101010100011000
111110100111111011
100100000111101111
000111010111101011
011101110010110011
101011011001010100
010000111000010100
110001100011010111
001100100010011101
100000001110100111
001101010101010000
101111011010101010
011111011000111110
110011000010111111
101001101000100111
100010010110111101
011101110010011010
001100101110010101
110111010010010110
010000110000110010
001011100001010010
111010100110101111
101110110011000011
001111111100001100
010000101010010000
010101001011011011
100110000010110011
001011111000101110
111000101111010011
111010111111111001
011111011111101000
000100011000100101
000000010110100000
111010010000101011
101010100000110100
011101101010011101
101101110001111000
001100011110100101
011011111110011010
101011011011100100
001111000100110110
110001100011111111
010110010110111011
000001000111110011
010011100111101011
011001000011110010
011001001110100100
011111011011010111
111011111111011101
000011110010100101
001000000001010101
111000100111011110
101100101000011000
101110001101011110
010000110101010100
101001001101100101
111111100111011110
001111110000010010
100100000010011100
001110111101101011
011010011101100111
010100010000011010
100101111001111100
101010011010001101
101101010010101110
110000111010000011
101010101101100010
111101010101111110
111011001110010100
010111001011011011
000100011001110000
101010001010000111
110100000010000110
000010000110110010
001000000000001011
000000011001101001
100011100011110110
101001000000010010
110001111101000011
001011011000111011
111101101100101000
000011010111111100
111110001011001000
101110000110101101
000010010101000101
010110011000111100
011010110010011010
111000110100011110
100101111101101100
110100100100100001
011111100001110001
100011010100000111
001010000110100111
110111111011100101
101011011000000000
000100010011001010
100001111011110001
001011101101100000
010000010001001110
010011011111110100
011111000011111111
100010000101001011
100110111101111010
000101110101010010
011010001010011110
100000010001111110
101001000111100001
111111111011001101
100011010101100000
111001101110000001
111001110111001111
100000010001010011
101110000100101101
111000110100001000
011010101011101100
011100110011011001
110010010000001010
000100000101101101
010110100111111111
011011011110101100
110010011111101010
111001011000111011
111010100100101110
001001011100011111
110001110111101111
001111001100010000
111111111100110011
110101101001101000
010001000001011010
110101100100011011
111000000111111000
111011010010101101
110000111001001101
111101011110001110
001011110100001010
101011101101001000
001101100000101001
011110010100010011
111101010010000110
011000100010110110
110110011101011011
001100110110010001
011100110011000100
101001110111011110
000011111000111111
101100111100110000
110000100010000010
111000010111001100
000111011000010111
101101000000010011
110110010110001001
110110110011111101
111100001111010111
010110010111000111
111100110010011101
010110010101000010
101111101000011100
001010111010111110
100111101101011110
011110010011001000
011101000010011000
001111100101111000
101010010101101111
101110111100101000
110100101000001011
111011111100010100
010001110111001000
001100001010110000
010110000101010010
001011111010101111
000110000111110101
100001011101000101
111101110010001111
010111011010101000
110001101011111000
101011110011101100
110011100110111010
101000011100001011
110100010010111100
000101001110001000
111110100011010111
000111001001100000
010101101110011001
010000010100101111
001110000110111010
101011000101000000
111000000011011100
010011110101101001
010000111111011101
010101110110111101
110000110000101010
100000011100001010
110111001000000011
110010010100000000
110011101101010111
100010011011011000
000101100101111101
100000011100101101
010110001001010011
110110001100101111
000010001100010100
001011111100101010
101001011010010010
111001101011000000
111001011001111101
111011110001010011
111000100100110111
100101101011001001
111010111111001111
000001001101101100
110001100001000010
000111000001001110
101010010100011000
001000101110110101
001011011111111011
001110100001010010
100001110011100100
011100101110111000
001101010010100110
001010001011001101
100100111101110000
101100010011010111
110001100000110100
110011010001111000
110010100110001010
100001101010001001
000111011011001001
010101101100101110
100101010001100101
101011100010100010
000001011010001000
000100101101010100
111110010111010011
111010101101000010
101110101001001100
101000100001100111
110110110111011010
111010010000100111
100100101001011001
011010000000111001
101011110000000100
010011000010100100
001110110011011100
000111110110010110
001100001000000000
010011011100100001
111001001110000000
000000110100111110
000101010110100111
100110000000111000
101001001101111010
011010011101110101
011100011001111001
001101011110111101
110101011111011011
000010011111100100
010101111110100001
010011011101110100
100010111000001111
101000101010100101
000000100100100111
111001101100111011
000010011001011101
100010010011100110
000111100000101010
001011111011100110
100110101111101100
100010001110010111
101001100111011001
101000001000101111
100010011001011110
100111100100011110
000011011111010101
111001101100100001
100101011010010101
101111010001010101
111010010110000100
111000001000101010
011001010011111000
111111101110011100
100010010001000010
000111011010111000
000111000010110111
010001110011010000
111001001100011110
100000011011100001
110101111011100101
110100111111001000
000011101011000010
011001011001111000
111001010111011001
111111110100001000
000011001010010011
000000110011101100
001111111101001011
111111101111100100
111101010111001000
101010100100010101
000001111001110011
011010010100110101
001001101011110011
111010010111010001
000000111101000111
000001001100011000
110010110010000110
111101010100000101
010100111011111001
011001110010101001
101010001111100010
111010110110101001
111001111000101000
101001000001000100
110010110001011010
010000000011111011
010011000111100101
000010111011111100
001111101101101000
110011100110110001
110100100110011001
010111101101001100
101001011001100011
101101010001100111
111010001110011101
101010001100011000
111100100110010101
001000010001000111
110110110001101111
100100101111101100
001110011010110111
100101001000001110
111101101011000001
001000111011110011
100000001100101101
010100101101101100
010010101000011101
011101111110100110
000111001010110110
110001100010000001
101110000000111111
101110010010001010
010110101101000100
110111011001011011
100100101111100101
110000000101011000
100110111000101001
000011010110101111
001001001100100100
101101111110001010
100101101001001000
100110111010110101
011010101011000110
001101110001010000
011110101101001010
110001110101010111
111001010000010000
010001110101111101
000100111010000100
100001101011100100
001010101110011101
010111010010010111
011000011111111100
000100110000101010
111110010111100001
011110101001001001
110001110010001010
010100101110101101
010011111111110001
001110001010001001
000101001011100111
001111100000111001
110011001010010010
101110101001011010
010110100011010000
100110111101001010
000000110010010101
111101111111001001
010110010111110000
101110001110111111
101110010010001011
011100101110001000
010110000000111100
000111011110111000
111101101110001000
100110110101111001
001001111001010000
011101111011011101
011011100001010010
011000110110000000
001001100111110110
100110010001010100
011110101010001000
000010100011111010
101000110011010011
000101110000111110
010110011010000110
101100101001111100
011110000110100011
000000000111000111
011110111100100101
101011010100100111
101111110010011100
001100100000011001
011010110100001001
001110111000100001
010110011100010100
001110000101110110
001000000010101101
111100000110010010
100110100100101010
010001101011001111
101100000010101000
011011011010000010
101101001010100011
001100110000001110
111110000101110111
101010100010110111
110000011111000110
000110011110101100
110101010110101101
000110100110011100
110001100000110101
110101010011011000
110001011111010111
111110111100010001
000011010011011011
101010110001000111
101100010100010000
000011000101100010
011111111110011011
001101001010100010
000101110000100001
001101001100001011
110110010010111111
000110010100100011
011001110111100110
001101100010010001
101100101011000001
011011000010101111
000100110101010010
100001011101001011
000111100011110011
011011011011111000
111110110000101110
100100001110100110
100001110001001100
001111001010111100
100000010100101000
111010101010001101
101101101110110010
010011101000110011
111100000011000100
110000100111011100
000011010001001110
101010011111001110
001011111010100100
101000001100111001
010101110111010100
101010001011101101
011100011110001111
000010101100011000
011111111110001100
110000100001110111
000010101100011010
000101001011101011
101011011010000111
110100010000001110
111011011001000111
001100011011100101
110101101100101111
011110110010011110
111010000010001110
110010100010011010
010000011100101000
001110100110011101
011011000110010001
111110000010011101
011001011010001110
000111100001010100
101110011110100011
101001010111110010
100100011111010001
001011011100011111
100100101111100010
000100101001011011
010000001110001010
111011100000010010
000000111111110011
101011000110011101
000111110111000001
101110011010001110
111110110000110111
110000111011110000
111000010001010011
011000110001101000
101010101100000100
011000010001101001
000101000100000010
011001111010101011
011111110110110111
111100000011111110
001111001001100101
110001100010010111
110110001001000000
110001010100100110
101000010101110100
100101001001100100
011100011110100001
011011000011110100
100010000011011110
001101000000100110
101010111101111001
011111010100110100
100110110111001110
000111010011111111
000111110110010000
000000100111111001
111111111100101011
100101100000000101
100111011001011001
010011100101001101
100000110000000111
011110001011110000
010101101000001111
111000010100001110
001011011111111100
100101000000001111
110010010100101001
110000010000001001
101000101111011010
010010101110001001
010100100000110110
000110101101110000
100100110100000100
111101011101111011
111010101111000100
010110010011010001
011101011011100101
111110001000111101
101101110011000011
001111111011001101
101011110110111101
010101000001111100
111011100111111100
110001001110001110
010011000111000000
101110010010101000
001011100011100010
010011011101001100
000010101010100001
101110010101110011
111100110110110011
001001010011111101
101000001010111110
010110110011110100
100101011011100100
000100011111011010
101011101010011010
010100110001010101
010000101001000111
110011010111111010
000001100000100011
001100001011010101
001001000111110111
011010001001010000
110011011111110010
000001101001111100
110000101010100011
000101101010011011
110100110100101000
001111111011001010
000111010110111001
001111010100001101
001001100101010111
110100111000100100
011110001110011100
011100100000111110
100000011010110101
101011000101110110
011110001111101000
110101100010100011
111010101100111000
101110001011001001
110010100001101010
000111001100110000
101010001110101001
100010001011111111
000110000011111111
011000010110100110
111100110101001101
111001010110111001
000011011110000010
000100001100110011
000001001010110010
000011100111101000
101100001110000010
000000001101000111
011100001011111100
011000010101101011
000001001100010110
110100010100001001
010010011001101010
110011101010110011
100111100010000110
001001011001010111
010110111000011101
110101101010011100
111101011110111111
101010101011001100
011010001000110010
011110111100010111
100001110111111001
100110101111000111
110000011001001001
011011100001011010
000100100110010001
010011011111000100
110000011001100001
001110100001001000
100001110111101001
101110101100011111
011110001101011111
100000101110100011
001001001111010011
001110011100101000
000001010110010111
110101110101001010
000100010010110011
011000100000001111
010001010011111010
001111010011000110
011010100110011101
001001000001111100
001100000110010001
110110111000010100
001010011101000010
010000010100101110
101000000101010000
110111100100001010
101111001111011000
010000100001001100
001100111100111000
000100100011000100
110110100111000000
111100111111010010
001110011001000010
101000010111010111
111110000111001011
011000111000001100
011010100100110001
111011110001101101
010000111101100001
101000111101100000
000110010000010011
000100110100000101
001011111101000101
111000011000111101
111001101000101110
001010111010111011
111000011110101010
010001111010011101
101101111111001000
000100100111101000
011000110101111101
101010100000111101
010010101010000110
101000111110110000
101011110011001001
000011110001001100
111101110100001010
100001000101101100
001010011001011100
101000001110111101
101100001010001001
011001001000100101
010101101001111111
101010101110001100
111101010100111100
101010100100111101
011100000001111000
100011110011100010
000101101000001111
000001011101111010
100111101011010101
010010100100010001
001010001100010011
100111100000001100
010011001001000011
111100010011100100
011100110001000111
001011110111100011
000101100011100000
010110001100011100
000001010101011011
101100110010111110
011010000101000110
101001111001110001
010010011001111001
010111010101011011
001101101000000111
011110111001110001
100111000111110011
010010000010011100
110111011100011001
111010111000111100
010110000011111011
100110100001000000
001101100011110010
000010101001001011
000000011011001100
001011000111011001
010011001000011110
110000111111101110
111001101110111111
000111100110111111
010001000010111010
111000111100011101
101110111011111000
100101001111110101
001000101001000010
100011110011110111
110111110011110111
011010111001111001
001000000110001100
111100001000111011
100110111100001110
000011111110010011
011111101100011001
100110101110111101
101000010101100010
100001111101110011
010100100011110000
100100000000010110
110010011100111001
000110111100101001
100110101100010011
101010101011000011
100111000101010000
000111101000111010