894472422670217196066302763754
381057770281800380999524107976
392286590700228608513693014020
653263871402976469998474754972
450465065472930883853523245622
211485274363636804942397289138
863088709025074156039843893738
784130877139506413267549934338
219035659553534499718371296160
450125869764409778574039283459
174366577331375443643937302145
834308235062750922522834957086
891323848122797320697431349932
940908842912737166017387185848
443669304040769967339044454601
035611434559124201921074457315
756663968283706294867559627473
589948361994621771446140866659
805743940718267442341458353322
840007214094388691917821118192
318060007833626164342561284073
416230997044274112853894853455
150602317238355839430442323531
859730777109947189924873544115
363916483417665499103912952436
470814281045364465055865252394
806073717981085875153403613172
636392082493315995992420357654
759911453996967715668224162263
312089936504422569410586228837
044053996766349929682704769899
925844481509064090526168593072
418445663428087280361346939660
593556891202385576858670322071
786206045467641851621466977795
150231333179931174813128752182
602838037783924786983792013731
624279593460653746479365040476
922223381251545383567465145873
977148643447919545841058093471
698118564484380761008363591663
354454233145728235998265849979
582701277378683750382394522298
682015281594677514443817541526
224050903998223728614919514342
284346236316516449231605460241
506358409412042452130497401991
343207989996983975278958629806
802639143598852988337341706458
192903972132107303789850803417
075435271440743702130936562423
774763529965264491900154493838
583406542525151516415173797115
225241723169393873537756422894
308206372002330683703916338878
150249264964883571885356611355
609840002588157838369784681047
077555545400375543324693192599
213761018984063678347166562787
455009392275788437247807897949
540085829342435781553935661179
435351015101806748503949692039
057651459453159835564952250464
906134820741139050446865901376
127097732175486038557874554768
278590025042774546140972378841
331388253324833795193573259941
447844856924774343402587614325
445454043345653330358994932487
529230295664114955007042783311
795096242326358010122591744036
560203154890956440246109332753
766440845200529099816229719360
806638640619559318105172460561
431831180633615000769291287687
320807745068808932517355674620
749375187080640907225850142605
115394515767470264406981947849
331167882762254706000412401964
731733052480717182819789407225
019038531618046507156432961704
320378666790302632094692346145
204768447382934722841308922789
506810149232384612137141054143
124346177131191034764615131625
054750901130300046177776085269
321667474424379891718541976652
701049360009305220750098611386
579598286462129835321046199489
926205336567546748147055713885
798504629793635238484794207457
158880363497201342223681682174
690333250507902217350844360742
373629879522606657978001385516
638850975297913282630013237121
263783764016499782567798119593
704949932876951991924314348306
462831934034075355898642039252
449823448747802195776041038526
620051283311931127772252750442
151076892451514655570587683670
178377370652851313322044883887
980080346720107611919187902772
401640719428762482261085697752
766604933985274613705570435028
198988853606495925414585214308
812115115066711844637979256650
222249953117732947552177984589
452200848107953855603703049397
806104097923327466947058858915
349095814258137032821209542610
110681522776207259253986615947
202646133788571289253556369110
144994751212305593610700489799
869250655398598127479559428559
515533906062350783362918793312
289652742849210943246539009330
073652395023812018101162856297
497591127366979803358511176325
423497058511354160599882250614
331565497652608008693238977446
069492412790170820493956362455
940890005676419934541344282679
377058571071531240417445793394
587492605097737429151633408652
359456111806032160648765911097
176388281248678334154216797027
998395624403751598501796986852
151121608397271815075408522991
219433045926500824643033818977
971109197486244868902444291820
340818206814687815268444119573
508727032131896426048405024553
328866072220215431022176996731
904928901725627111565971553621
451477608683804553914205455933
130992711391646759613005697439
351515859934783932729040109453
417996049858224644685274749847
479791431309491544239645927089
580535638668047336675349071309
512770222557776933190574886732
044285806546912248043597521990
024777794302634738172236348762
398616056893318321829754775968
510306508063710835447525171781
641552977153845364849323161667
271838539317936464161715233355
251965140518150538048081405753
485751444544223368084917203911
173913683648584142355240524846
757830371240055288084940743570
162829139659705992166954656880
045807925959622282187369582359
169917376837766740075453549905
895938320127425690135167108583
445755002628031512267046363209
837282299573889007452697446910
236243941987979136061912123870
005271811919562662694168800662
682750120413640723307587156482
718001056128485994681426445887
528068960046458459911177513822
542822189846041607638910142026
189582658513440522701897234886
894029056053887752014857714967
518251664028073293346863877372
115253573651631612722589937973
784473032580663660582140873449
937490332982437388517506980578
726936182477453894294214384281
663600707846214177927939907165
467625139125214965777856093625
116047775718203297362323381619
661161114995753247633021603629
378315075586083653345834047112
645278587491572233905765053993
433606990660225755011221418000
235027551226304524462646695455
787120330713490973929493016756
851379085078282525045625469121
071464404233670163906641737329
007174946382028214746805118112
034702041374646900589335311908
711197072435837813368465776028
482303071035882851240632441313
520179091389017879955255259712
666693765826756156810736455121
638010927671001001226727776958
320556037531354592362620116439
983539790457691112069897089301
098098054104841172360623313147
645870634490851014423566065051
612522893326997456815320769871
949766931224101190831946943060
849912015906302740117070408985
889266352047291672669705687468
008445504764875293722356527761
302011201914880019930859593441
296649740667653060433042567464
770763403700208827391961762143
976433189022869737651659018163
475386911785810950346378468575
118123820542623666070936838690
587878164826371343760587329883
302235652977895660814005024538
560715720837308954488632741016
263242531181643733929495391099
527657996178048674039533936189
272882295843918899460953498310
460623965508700310096695294373
421329661146274323845285400291
406090477905042399609503240962
912906402026249183839991529928
201483705601730928498999759737
798123478377720126764173262954
559648648625846382510701787342
104232141986471732428964580344
084021354064087831167855377018
271789975716867101576971820440
437291398595232449607183459159
646504266917818889978941037820
755900243404210558388415683179
416486401565225762384016467642
522069048819174308592492039846
492733463153706236745438256424
875485796261936362172893926075
501694167905142555282156560324
823718331863778345322464221653
838703705812369166069215303886
361730979722090757956817701050
769116484779482482747100959360
494016702357340385909906543945
514122660020465318995561133340
644703719976646511100735857332
201993487714323258277077690340
794470090964250767086178058823
899720216442616491419824005041
801043749613832419187000600767
175169681870023980172682273811
894521369972385540725677028230
244706368502498367123363913871
986684061393907294213951389993
862464155727433202835740948645
080912383677271598073890503434
086241394175560611782066697092
268399911662823963896793310500
995507317386135914944257781422
995485511714009549150169512711
837249055345671944912014714117
150680695627792749258903727329
768642418837879244465587784000
079028573609721699532526930972
206883707570126083881796290061
579006273526079699608836778303
570262458507064299983151904319
663451344089968901571519876869
878356315792226849622692304136
102110520655507269330025159833
300793258922774717837955156441
890446825075899629742645298845
731429897047586350111893368354
124053127196425642175454493592
768224356031609168505639620310
349246937453701849855204529394
024989393933402695330792243040
220852515049818760180544297914
547057191678404871604275555706
541958148287876122773794838522
888847080312538727600893136663
268104401360246006007012978944
734972774894248335409520985959
518519164880724368658937589679
530320544672708041041345218169
222353630029055088986958426856
209838265910383933967856847444
591594135150558110535702369829
390274214128129877262294043975
034302190613330007643716276258
626612444286126155542116580377
393159574858552969853097857516
579826587410913963865137552765
903584903879617006607132594453
010890598508331337324010351218
936536287614850048873969399178
715068302356624588698410691496
305545758345254193238149137225
869599585049209511065063315132
314407338963106253422783901448
758575743710867790626037033597
282667780266861402195999191965
359579168729969108901605932836
912559042703933034877324853068
777611599311470610447655198965
777989817631620001643660433525
461501234997225974807433571715
599013376545236140740765355611
547290246749720461697768849164
411055646165087042965266672368
523838046308242911485432083696
399716677111657388425012869831
543346980816239219719546893409
256259611691583672794209740197
856754658047578717361164885301
196111847815537935611863508290
611839063224306662404555224415
046830803709229479888773667018
800544258797432521546760056629
688801972006483423587085056151
810514301631463043389088879875
951941022723398536373085433369
979232778064214504801086782554
796919539193931763678679804758
764599850940142178790374460908
891447923694333560438824036005
086637396988552794110443696861
642165187258850432792960779790
398422173116901120045399533976
825783392720897794290398750248
882645936882691576819726194633
265089332544705911025195986462
263149986459202102037690576376
651637126224188136132847150809
804084849256011642386616131300
569828579275357260551374547200
007056140552510758257336860648
959530812802566180151690258230
571686231700689790416033537149
293039288413742697784991867112
841764433835195051222850274552
752943949961580711336217299479
183682673673509491564309564562
991643113454432239671407814198
624384400649843168577359457999
724871107574460203174827188387
500773325676734873884109888749
503933713445497816263821313292
320000170432278662237054316096
027856473954987760561056929647
226972411990606164740449309447
679900953967475465545988639314
904094131834682539696594426503
704250446808078874946614632399
918222092559404866635000857066
079909207276135412305437220433
851769182527422409451354562815
439941298238195799860114600618
175673019285365585811896052954
041294253141432565535705974954
595032612477776718441653912490
587940256842087916882046687085
841772283748794567573065247848
252697922047343800119130019460
997364973264221044535580126142
981490035004258336811510091417
439455595354671166469641735416
282238573483370119787543177961
121981045499687792858824271128
188467085659111815698606954494
566285848881955020249170355684
318815634601205635297513867704
152097483042832304181117151065
263961891304923551753532743418
624336031908630824664189145917
368467395085338588354163713379
579200270633896258145847829322
190046644800459841477807231350
129867927422913240428896327321
296520692214246676741640336469
789719728505934314424148657971
941375256016992320672114813393
318345309343137663612730307329
297163332588690051625216707401
721435259077784424482728214947
578981887515970781785832763581
198505722783783301242177934894
222570338705633777179047859485
425099067504693949477134157291
707876267698921918169140015607
139043872751298494380032598412
800357330395319512783696419250
121748646578816044301531447812
770267349147041615096786437485
029835446197290432968898438097
411744586632869977388360069140
680425180326800636124643196059
965436711133233874230579009171
444436634813261540168154478291
155121093718107874019316645785
938435417335623462466176680886
882447447785087146231066701103
714350980575822603236707552588
575019472875284708771292253450
183766152619457268625633369423
089896868871053806877645815097
729985057709908017882566302375
426158481672887630166914461149
652505887952410819849575463959
256722528926301655303181387310
068920104670176522912568169553
296849442396893866812032744942
359216109277196813460543517076
860728856438946911730443616756
427142536919567150972451211574
656155631696940744384509169697
083456120407381915020819191702
280792935233470818029345307442
721541088220193385095330253574
810599856934430966077553234585
456052340039161864896786935125
745563852438018832235694337363
320945785760213979975408185161
456167129302197438377096800626
116165040093333772519963505740
501849707626406894723072740667
310658383111633268084756442042
546841435366126010581733981753
429040987886713659209480625211
463487812366353014503939820466
473160638989874877104307988384
246736637511688713758881996380
440448142726309009211683580767
757853185808348082170434827576
849467053609896620885938200332
742983408393105335880317942289
062213447078957487368462692761
992777273885487210702056017974
225194416943597997447835598450
626695998508308725884441252025
005548236667348053467403723640
125655616942922882368713786569
602428092915840900897389632517
070929130095047629877853122115
851776028571149479937518297963
037061077969650801746580591288
733764559160057153896324310282
105820575037167788780702442425
523867116882811062347172371903
452493712568324908498050739967
705755432269638728738714231376
040121176185280032176923265473
431275649434158208864700539624
012539720323130524190504827842
390439886969077162237933610033
022257122082491827646490063723
708938532024541101777310901372
179509018890448376849538180808
296060253811484531538561243334
082406306493552210535886950822
537108477135358255949572832135
013151868752528774914767481654
777580236577437470153942935042
262870687569057808067197155389
322945829676754051425637019501
227741277036657427809202806138
998578472961845806492100155980
497534760381170370702089309330
774020275201228637972003574036
522157819781579311844025600541
963075233850325277737960455423
515610471386210996299064869206
633991583164978681959654374246
100293996540676711691438360813
400075307230281107956463260389
710079964418113056505177632592
996621293306395107744092612704
382328516505147000353355069309
536863713784986585387069904634
910655825954839576062955712655
269111868088018020603179014778
975938996097625971919427151333
167011065328424678400236722475
898947863746934950135230184321
034996999006874141985183546581
741868925800549857926819532537
024646243966056990780331984375
897972785703561268897509894339
526980157015908482880518258072
894764040124033528579734172115
418373739414494580686886451350
445853843527494804042908130676
853777161492770052068314208737
060808126710744530140566575248
878418429393266808722396323781
250933574299531483740841853518
174147616199276327635245294470
689500983474426043578733954215
736832090136204842683057536063
507754351683487403205429640999
771552738927893284461037020658
644921630871478730100162882278
061908170173489494736521964341
468398112774704147625366824870
541484298986110661305286664910
718088427667275380702127108867
222271528920377507445411651478
167824850177297563794383035393
589486407641187246641511665269
831025527090753897776768942787
946006056716684343154868658440
506972687540595146904660844826
882329696286860763649148435235
034219955387727448694338428713
111320981839799749109566454575
614872533660252068840720461674
923322790970958848893006344087
669168400102757174207970701478
664048425056216209873979630364
921533124436810009203652997791
291618381363873453085720277685
545908138837061820761993679046
189886057520391888079148816316
766275566574405426050949515630
433974355710475569785304426833
360503817847371666503220295630
247329054184964291987707985581
906641873942956403167923962219
050799478846833019297324933653
416423885575393478581515770162
620349839705990073032441974591
964775998451093758886237641860
244201011007019096111095214810
434180260555900625743691553873
492665040799239066723391164606
041766682920367787448647603352
488568230332418651360082320159
250567407131337028730211399319
889609900874044638777350958546
042704892391746894317793276070
627482808299188207583777919994
936346588464001949316533486277
394483888274857076865743397502
339088964983226107180636301356
459107429003530881663606157586
038190670047407993524481264358
859714132305071984247661419870
954747331018131864232954830865
341695403322785642662095880550
031269451131671771452835354460
588563162195400763953554173670
916711548371516459048603127317
830623379531373858727249124284
446931823797965280678776318225
840271654629395912461143487096
757373325871930954501476550432
947984566963736077546927828840
846797699393639619323380744984
627301451062502489207503073395
767254550681852835366316479333
335678218598928882231107169695
185741622270875320348546824300
529473319580233996507223566812
176074780814192037817704971541
783440933982321652807726521759
053137140756028064083368180203
059544404327044271038535144795
242154567690851701324308009175
970652811955521709308410081068
985094379038363762495551227133
721031371537088193692095548083
938585512752607387513170526305
208654501804503704366223375099
922542904517629790476941847419
185779412909626716993158239615
314226492353091700099156117057
269894974009885269511858224915
373538628820854868021961363287
231669190603736038237341246523
372947862479877384723988982492
673547796711882250034827989718
075088299553231412081108608291
039996221013145965457495678246
703372679745118044085190853843
130388936435075291896600783860
526064827106743670909980673388
920409917801801765397576050502
804014920995332292339132076896
287106013630588119169308562704
775257580369913455501279595547
555796241963373826733616114684
321116811909918565371484975801
028635028764404108221980591974
226949136205216015282081263643
826728503409863761937242721874
433789231887867441635620953321
069927007186882468947426739267
965678553458423707672619467133
946339265749624660613856058329
486745417178737859972455281802
909858910997969218530536958676
966559827885613937779866972761
444428698121051848316718338648
240640849941145883531900198332
747449505937643665009276823126
030994960418547600475055228178
225081946282325170248908073073
311544944257789780771985737277
263579831533289234689214137243
900360284373594000524804042182
628058319283628170902254582663
306006079146574530430553937166
144784564907828828344219838513
668010408947971096170515432764
039983511523208568767592325750
276927348077574335612734968374
456204235770513918415882027884
303211171912391592075557372249
951592570305994409326921971108
418972436427345328689642245779
591842437241733000856447053188
108364146489448697985249932100
752751140044020791323392316571
628353020827948705940888603063
563832739950530004860149036717
563897327887746012333180107477
901101283044358275505047626189
371508489435623625428341898127
906728921594891676354235215239
876348727011444930834598281330
497624051693352082904253657577
175430402591017195837023891388
224609270617067807931922208136
654890632215266232162170840578
879985509987865641941672049349
621210369519208289490977351253
359187850144420880896890664755
903610872254532565178735638397
364906366067396376564514722037
384656614813069751546105460191
773822107873582462627917379621
423801915885901840150240812085
835021225559197061892993111027
125482469231890536853633409770
197903429335451709233217915195
447073785600664530363533950976
663243572454852470195147559872
659021320025603694465690720780
920387485415107215202138304462
327135398035671969460956855193
182183755698697854452202540974
743017797453106424077079182296
899787249346646134885025409942
407746286813124823261237077701
491206983806453012870009386401
334172753229007619144973359415
894459461653776479183687579915
416467996764267789794501371533
302265612612271887760300398467
345985950828627735937256717344
015328693121416383466024378513
735169687525107186754722735426
954818362050837293889528178635
198678016463369863082464373845
628980138891037459681367008779
577380146277839586179877507615
143644242326161278587123764085
405995477532209904113414455864
284216801876494133570569323034
847759235535549424979263342949
115123257573043527628058376475
209740106733493400501143788203
134362525079115792258456761428
022594492175127178327013390981
323103930877007555728491129570
110095025618959890560168100240
302859821673464685416057047486
948897398322907650742583665688
767285845739353662912683487086
989576433821041468089174062573
414915448779556253894426502166
060856044760132364257275046442
849149488684759468708867599562
249020162760906628785069061227
749871940053208415094972324668
151969653077555277649718721114
582401002788753141098444832347
615684133478447676761895514654
627730956242561616996923711663
489495021183004357681802047371
815277355585212543197598503372
080306936811099613436793064148
376681131346210276583944022852
748595008294761405741079770360
679818172983088034834426825583
761527941289152047552849274294
040891432265662533822943758824
449596514686165724815217376918
275277689129479448957459751905
148814701554185844024082191451
388098321670245203801928256709
044954736625202630718123412089
693136358467801365042068773973
930439523704607176258569640107
021086777237484913356298697444
849739564452110517364237088361
551547062758072098636483648293
701768182644498110865373455023
378374260964498261145624674895
207501573624425446713884960754
129201184181407380635539103875
881262036228535389502542372642
444343631401292474853980948416
411778858985889089811628370675
841302880517931576437481840362
400594585228873235352123034866
550110733947897066651465526139
779381284010423631174024855525
170719579366985595946996989712
558826666218804668420254680042
177479953369014793116459616904
932326051091416753255846223877
176160737357017312455199485321
773400038666484907240037903620
991050247183606313603662055648
675816525043427880815971559560
759791606033899406611471897875
473214737801580861808446915560
255188316083500244572416805016
646703704943133328109032437445
232322154467734701551742308841
906968225145484373398811647652
389792990101643576270801828153
682732240033045554189046961120
503276596750078243090859323829
999863355344463517694189181454
571695448655614492713321657271
335508317772727536809160429748
545294385828701004643245130457
691875752341804458269048042576
718168277105597781308185862670
202756910090663265795637781548
549266851670892903526830028738
698980847045563119444459306964
388283965888435204375336649918
541396620706765296511494931663
089070700436429829647732719472
065565947266188297041260838236
694497805337072594009369934730
946722093290925478564185494743
202265369849767446547340828710
877573839804308351357659813124
029330567598742614575714394435
098794185369695160755880885502
162703327542264273277164666183
253367527088536978560810239652
179826974744971743588791506650
963448523121957636792284519366
522084559406342583600921992642
414361524986350157889379879695
391531589004768370530565582406
703311217240630386283375353933
112024317596411138971616092394
858582465205774941410714747992
633390977627061684796286101876
519387379250331691353390995690
119906273334101445161931830266
601814437671782896012391283672
906509050087947449291370725505
867285318534088992656480947460
405201902827057477806222252025
338906850006585565360857433870
437743370699791912334013706796
709421455634496709021151818035
195823039189948906914257667276
523738136831564383825990208067
428996221904289819100573819290
696394153800267172350459204053
182492860612480488731286731914
094203301813287578005234545632
697748892851038382259678005864
134001605692307435873031057923
134106829905033313444836300583
551187017898718436453416213220
977809656023064496342631746355
373965000740353096214743314601
183906026491209747604919897203
897108936353658948452711468279
086039635065583284833506736647
347217603092737899825108825747
158256889426495381573317442765
054407115160303783196342244505
480813811981538614579502898181
901199692841098578654472466477
428512570275865245079644897440
833923090394687119921431206234
257906248608488912778292021456
270986611669829369009082358489
806945103888076886400869951036
968967920555860152493103816269
482423609656136839627128922959
976293675716076815249124466784
883910416245794655709439321557
616280556981050871145245521388
683274464686644993411931649707
415066191801018584972276438428
173458671725595776952672632462
864559125739267523115160814328
607984377583214535418786688224
138060697628923640602938478304
785898343523486232065046499825
185741987751500790005648338840
709775823324189460565807735547
700774540307825881524205462667
673199354501599812213668054809
249504449093776192579888624876
989023197962904507093389951387
161100756406856132704306020785
598152941172087927360884924678
787752641013131381603572789065
583615684206229451587204083408
500182575537108604920894588959
118590660716704953297083919353
744078467072718735140502511134
285493388993798306199262685743
749191316954773330580717622748
708395336099522471181900307031
023077852669471259095342798030
878043309281796072307170390600
592909112382254344141419181057
637355789814982116452495878991
435938852388264433932826794149
028933859978749276526817665737
397689936592156047190351694601
496510191832766736517751367861
335343579888381056850287549607
238015927512457257970530549304
937168774959507321752624218925
816080050472097687815284841456
509058985154239855138475189939
885994961721439918490103040108
526396908102587567894527980771
456427463954777987040785756011
455011787408593237644194768831
742840059325393060922473875349
756656937509986472335568986450
029825028152449529521748764718
032190610808576220626060725126
632720327467650510599697070276
275386020673587775453290879742
014712328284851376648796345752
674696190502700183002176278882
563346359180042810401115076823
445874269247950107216941779080
884842907503166029495392579265
091430270490731317247224484777
966743158547097509251983263586
219173121460879405438664379755
257091562967148046855977014585
003557947237796420360937512009
282899634721444358061177750262
470857526370513028052433968483
034209585617165990359547750156
477453561307492179647588993464
523395355333359955668995235140
690014900545783944043155480652
756030989301396756426530672637
921336185258816108277087647902
950377325865560902444537502968
327600572550122433537662887330
428166482478654722042857030584
528894623141051915428827565960
209140903845638192871809117507
613274491616424607027378889409
253141131917127120894947218274
629612821157613896936163955128
193368328542681987128349032997
803249305941726913700549398493
154215783316086505161305425516
355104191037992879536470327170
686041926454915340003304840777
686374156187673157827041123617
497533600793189928771248484012
772208206150134334007472719887
359983970048426999886555781869
403712146794258653159105845755
228589227800385482491546750784
126299740814826648565877130124
188123823532409033806595383272
351010726693553881386533610935
592823721773555962610862461943
274000330790039407041537014374
821487641163350189352095629279
166748610913359675375810839664
629418706780495359426845757275
354571695289659483695778963746
387151173765295528167547809233
959093763523938900513020662671
673685495468140220680981536721
550649443126659829168045719494
936855604933434732360770297984
322887017146324502238029668917
375329593576335332018086314465
517309729786638079764828757082
897083118630623583959599839818
482762334924577739408115970180
501486535925045751101006180059
802223754696829375017714188414
940721684532919569037340037363
680457837274952979187366463702
660777575715052895980992485269
391776814305176111157994362658
097352510278638163452405420810
011106495162952540802103697809
125869073373648218522621295271
993789970206425155019528588518
088521285093050162683792633613
781789589061281295636554605025
243711175409119052336810562053
885291162469379782725658432248
950817621947899438853460575307
189260059057630513341785896815
203217837528960802404627621859
530706419932135228266841966909
609469095699780762708535721546
827397509496322432062083182758
023889843342796663330746694553
457502670724019042791599530727
593744068190943152022905582530
759449678360099229253719201849
850968571726882138721755206159
200494283687846202708304082944
715943790870928517922111857718
716092692331388410330908812603
130736264624832916812051024651
700496472520736523563127780798
880049099208517603968835138963
801507708205932690487817957793
189755044042454064526569112506
672472918182405910529297190055
134231213405462120304039092923
857743581438572633874373292209
135823823179916071663964746116
323174037027479078395389303632
570024985582301447495438753680
953689865009292365652695371376
751060507121962222114953623375
624259202307001754836019349661
434209162853623415627008795099
493964599708415267626583941333
486388775734818797290791739487
923789233578290005115276714922
118810642323738623478516683084
012882769845043988308547044686
478138009679539382233954879221
683975741086600193284458286086
914470496123740269704856861263
749328510664976258235811689010
751791872363288463226319056497
887526731459825975271414528539
162515567446487027886065045036
374804569491734435787282311800
454740530055489660237527946652
862406942513386512666206871479
842294909426686129452243811073
435448843179771494631416496788
538139538979333213278914878827
832246579092580741820545040921
505510368652031578005529835164
322601726681617744875710436814
623518716159864815001323483858
859042599447715039750738884658
878603408287587506349051537540
558373065636038964970030630967
508889087074262075485157462285
292740946593026613736381122556
406140626091586874148723357010
885139869768938043003490809508
067234065957793352242678554473
712640025803380395653974763335
197317218811701084507353251139
485864768573977703955805702752
183452884449365924893164474813
147355189267031200895128425956
269616785651312783705913576213
349521846977713102752355146979
687305551485903633014944855790
900037205149102185867404299860
162683215419697092585853488638
539482394997477844799454169183
220567635557853741254614372640
247221479072511161119764682620
158978600068247743658388722346
116960978862943673914718982627
247596800416375464446802812900
985502272054869518341057659174
782518536083869759129100101913
493657059801521857403976827468
294686742019032777638451863836
673602326106592784690085976540
351301780795501158695974984026
219723677301166619400767332390
048808461583696234182143202965
516433764640708660621979658942
071000584979796493715898902069
178813971829026513597908218168
241988492373644927804305187908
029003143117454837261708651205
097023046655906891400332316858
150546213630436833420474948816
746316025363518227123359902929
